0.086	5.306	5.658	7.992	33.333	33.333	33.333	1	1	1
5.761	4.226	4.471	6.746	33.333	33.333	33.333	1	1	1
10.271	3.874	4.096	6.011	33.333	33.333	33.333	1	1	1
15.068	3.698	3.895	5.656	33.333	33.333	33.333	1	1	1
19.873	3.593	3.773	5.454	33.333	33.333	33.333	1	1	1
24.378	3.177	3.302	4.740	33.333	33.333	33.333	1	1	1
28.892	3.190	3.299	4.522	33.333	33.333	33.333	1	1	1
33.693	3.199	3.285	4.517	33.333	33.333	33.333	1	1	1
38.199	3.214	3.290	4.489	33.333	33.333	33.333	1	1	1
42.702	3.221	3.284	4.440	33.333	33.333	33.333	1	1	1
47.321	3.222	3.278	4.440	33.333	33.333	33.333	1	1	1
52.013	3.224	3.281	4.455	33.333	33.333	33.333	1	1	1
56.525	3.225	3.283	4.437	33.333	33.333	33.333	1	1	1
61.043	3.223	3.272	4.437	33.333	33.333	33.333	1	1	1
65.829	3.227	3.282	4.459	33.333	33.333	33.333	1	1	1
70.338	3.228	3.288	4.446	33.333	33.333	33.333	1	1	1
74.838	3.231	3.289	4.436	36.891	36.240	26.870	1	1	1
79.347	3.234	3.290	4.435	36.891	36.240	26.870	1	1	1
83.247	3.303	3.366	4.262	36.891	36.240	26.870	1	1	1
86.859	3.303	3.366	4.262	36.891	36.240	26.870	1	1	1
90.760	3.369	3.412	3.939	36.891	36.240	26.870	1	1	1
94.380	3.433	3.465	3.776	36.891	36.240	26.870	1	1	1
98.271	3.560	3.577	3.601	37.068	36.241	26.691	1	1	1
101.875	3.560	3.577	3.589	37.068	36.241	26.691	1	1	1
105.484	3.557	3.561	3.552	37.068	36.241	26.691	1	1	1
109.382	3.562	3.567	3.545	37.068	36.241	26.691	1	1	1
112.987	3.562	3.567	3.531	37.068	36.241	26.691	1	1	1
116.596	3.562	3.576	3.529	37.068	36.241	26.691	1	1	1
120.489	3.572	3.569	3.533	36.948	36.154	26.898	1	1	1
124.102	3.572	3.569	3.548	36.948	36.154	26.898	1	1	1
127.719	3.575	3.567	3.548	36.948	36.154	26.898	1	1	1
131.604	3.577	3.578	3.559	36.948	36.154	26.898	1	1	1
135.208	3.582	3.581	3.562	36.948	36.154	26.898	1	1	2
138.823	3.578	3.571	3.562	36.948	36.154	26.898	1	1	2
142.719	3.573	3.570	3.277	36.061	35.316	28.624	1	1	2
146.337	3.568	3.561	2.933	36.061	35.316	28.624	1	1	2
149.932	3.566	3.561	2.639	36.061	35.316	28.624	1	1	2
153.539	3.547	3.530	2.431	36.061	35.316	28.624	1	1	2
157.144	3.534	3.518	2.100	36.061	35.316	28.624	1	1	2
160.747	3.520	3.498	2.051	36.061	35.316	28.624	1	1	2
164.350	3.506	3.472	2.138	30.390	30.053	39.557	1	1	2
167.954	3.490	3.454	2.146	30.390	30.053	39.557	1	1	2
171.255	3.380	3.357	2.230	30.390	30.053	39.557	1	1	2
174.262	3.380	3.357	2.230	30.390	30.053	39.557	1	2	2
177.560	3.270	2.910	2.624	30.390	30.053	39.557	1	2	2
180.565	3.161	2.515	2.696	30.390	30.053	39.557	1	2	2
183.570	3.053	2.117	2.833	26.117	37.247	36.636	1	2	2
187.478	2.948	1.827	2.987	26.117	37.247	36.636	1	2	2
190.478	2.867	1.608	2.917	26.117	37.247	36.636	1	2	2
193.183	2.786	1.638	2.905	26.117	37.247	36.636	1	2	2
195.909	2.786	1.710	2.905	26.117	37.247	36.636	1	2	2
198.601	2.627	1.776	2.853	26.117	37.247	36.636	1	2	2
201.602	2.546	1.848	2.853	23.715	46.597	29.687	1	2	2
204.599	2.550	1.844	2.697	23.715	46.597	29.687	1	2	2
207.013	2.508	1.844	2.596	23.715	46.597	29.687	2	2	2
209.425	2.274	2.034	2.498	23.715	46.597	29.687	2	2	2
211.817	2.010	2.034	2.405	23.715	46.597	29.687	2	2	2
214.222	1.748	2.128	2.214	23.715	46.597	29.687	2	2	2
216.919	1.480	2.305	2.050	31.592	39.857	28.551	2	2	2
219.329	1.255	2.297	2.032	31.592	39.857	28.551	2	2	2
221.435	1.299	2.225	1.961	31.592	39.857	28.551	2	2	2
223.540	1.371	2.164	1.949	31.592	39.857	28.551	2	2	2
225.651	1.442	2.164	1.941	31.592	39.857	28.551	2	2	2
228.349	1.514	2.056	2.085	31.592	39.857	28.551	2	2	2
230.752	1.589	1.993	2.141	37.361	37.580	25.059	2	2	2
233.154	1.586	1.990	2.218	37.361	37.580	25.059	2	2	2
235.252	1.642	1.990	2.197	37.361	37.580	25.059	2	2	2
237.357	1.691	1.929	2.198	37.361	37.580	25.059	2	2	2
239.165	1.748	1.929	2.198	37.361	37.580	25.059	2	2	3
241.265	1.802	1.900	1.859	37.361	37.580	25.059	2	2	3
243.364	1.856	1.885	1.663	36.510	36.159	27.331	2	2	3
245.174	1.850	1.873	1.571	36.510	36.159	27.331	2	2	3
247.273	1.848	1.876	1.431	36.510	36.159	27.331	2	2	3
249.081	1.842	1.854	1.305	36.510	36.159	27.331	2	2	3
251.179	1.834	1.835	1.290	36.510	36.159	27.331	2	2	3
252.988	1.831	1.803	1.316	36.510	36.159	27.331	2	2	3
255.087	1.825	1.803	1.320	32.923	33.004	34.074	2	2	3
256.900	1.819	1.798	1.328	32.923	33.004	34.074	2	2	3
258.991	1.812	1.806	1.329	32.923	33.004	34.074	2	2	3
260.794	1.810	1.806	1.314	32.923	33.004	34.074	2	2	3
262.603	1.805	1.787	1.280	32.923	33.004	34.074	2	2	3
264.702	1.803	1.785	1.253	32.923	33.004	34.074	2	2	3
266.517	1.807	1.782	1.258	28.546	29.017	42.437	2	2	3
268.609	1.809	1.778	1.255	28.546	29.017	42.437	2	2	3
270.710	1.737	1.712	1.396	28.546	29.017	42.437	2	2	3
272.520	1.663	1.646	1.396	28.546	29.017	42.437	3	2	3
274.624	1.525	1.577	1.661	28.546	29.017	42.437	3	2	3
277.023	1.364	1.502	1.824	28.546	29.017	42.437	3	2	3
279.124	1.198	1.431	1.965	36.266	30.863	32.870	3	2	3
280.935	1.105	1.433	1.965	36.266	30.863	32.870	3	2	3
282.733	1.069	1.455	1.869	36.266	30.863	32.870	3	2	3
284.539	1.090	1.483	1.790	36.266	30.863	32.870	3	2	3
286.048	1.134	1.507	1.669	36.266	30.863	32.870	3	2	3
287.843	1.185	1.530	1.583	36.266	30.863	32.870	3	2	3
289.353	1.240	1.545	1.496	41.080	28.058	30.862	3	2	3
291.150	1.233	1.542	1.496	41.080	28.058	30.862	3	2	3
292.952	1.269	1.507	1.541	41.080	28.058	30.862	3	2	3
294.457	1.298	1.507	1.520	41.080	28.058	30.862	3	2	3
295.965	1.329	1.480	1.503	41.080	28.058	30.862	3	2	3
297.763	1.360	1.442	1.508	41.080	28.058	30.862	3	2	3
299.270	1.391	1.442	1.508	42.520	28.015	29.465	3	2	3
301.067	1.398	1.422	1.448	42.520	28.015	29.465	3	2	3
302.571	1.409	1.422	1.430	42.520	28.015	29.465	3	2	3
304.073	1.419	1.419	1.418	42.520	28.015	29.465	3	2	3
305.583	1.423	1.413	1.392	42.520	28.015	29.465	3	3	3
307.383	1.430	1.352	1.381	42.520	28.015	29.465	3	3	3
308.884	1.430	1.248	1.401	40.613	30.661	28.726	3	3	3
310.686	1.429	1.154	1.455	40.613	30.661	28.726	3	3	3
312.195	1.416	1.079	1.455	40.613	30.661	28.726	3	3	3
313.700	1.403	0.993	1.490	40.613	30.661	28.726	3	3	3
315.502	1.395	0.987	1.490	40.613	30.661	28.726	3	3	3
317.306	1.381	1.008	1.553	40.613	30.661	28.726	3	3	3
318.812	1.369	1.028	1.507	37.766	37.968	24.266	3	3	3
320.313	1.366	1.026	1.448	37.766	37.968	24.266	3	3	3
321.809	1.349	1.026	1.444	37.766	37.968	24.266	3	3	3
323.313	1.329	1.131	1.332	37.766	37.968	24.266	3	3	3
324.522	1.310	1.131	1.252	37.766	37.968	24.266	3	3	3
326.017	1.295	1.182	1.221	37.766	37.968	24.266	3	3	3
327.519	1.280	1.281	1.205	37.215	37.385	25.400	3	3	3
328.729	1.280	1.281	1.167	37.215	37.385	25.400	3	3	3
330.233	1.279	1.275	1.180	37.215	37.385	25.400	3	3	3
331.727	1.278	1.262	1.164	37.215	37.385	25.400	3	3	3
332.937	1.276	1.262	1.164	37.215	37.385	25.400	3	3	3
334.433	1.272	1.260	1.192	37.215	37.385	25.400	3	3	3
335.935	1.266	1.261	1.203	36.672	36.986	26.341	3	3	4
337.141	1.265	1.258	1.200	36.672	36.986	26.341	3	3	4
338.641	1.256	1.254	1.190	36.672	36.986	26.341	3	3	4
339.851	1.256	1.258	1.107	36.672	36.986	26.341	3	3	4
341.349	1.242	1.254	1.041	36.672	36.986	26.341	3	3	4
342.556	1.242	1.242	0.996	36.672	36.986	26.341	3	3	4
344.059	1.235	1.234	0.948	33.955	34.273	31.772	3	3	4
345.261	1.235	1.230	0.914	33.955	34.273	31.772	3	3	4
346.758	1.237	1.222	0.916	33.955	34.273	31.772	3	3	4
347.965	1.237	1.220	0.920	33.955	34.273	31.772	3	3	4
349.472	1.240	1.218	0.923	33.955	34.273	31.772	3	3	4
350.967	1.241	1.223	0.963	33.955	34.273	31.772	3	3	4
352.178	1.241	1.223	0.974	31.090	31.843	37.067	3	3	4
353.672	1.245	1.233	0.975	31.090	31.843	37.067	3	3	4
354.883	1.210	1.236	0.975	31.090	31.843	37.067	3	3	4
356.384	1.174	1.171	1.130	31.090	31.843	37.067	3	3	4
357.876	1.145	1.136	1.161	31.090	31.843	37.067	3	3	4
359.385	1.110	1.095	1.235	31.090	31.843	37.067	3	3	4
360.895	1.075	1.061	1.344	33.429	34.692	31.879	3	3	4
362.390	1.074	1.059	1.338	33.429	34.692	31.879	3	3	4
363.894	1.080	1.063	1.338	33.429	34.692	31.879	3	3	4
365.101	1.075	1.060	1.320	33.429	34.692	31.879	3	3	4
366.600	1.072	1.067	1.318	33.429	34.692	31.879	3	3	4
368.106	1.070	1.067	1.311	33.429	34.692	31.879	3	3	5
369.606	1.075	1.070	1.305	35.359	36.865	27.776	3	3	5
370.813	1.068	1.070	1.301	35.359	36.865	27.776	3	3	5
372.310	1.095	1.071	1.208	35.359	36.865	27.776	3	3	5
373.520	1.121	1.106	1.115	35.359	36.865	27.776	3	3	5
375.018	1.150	1.137	1.013	35.359	36.865	27.776	3	3	5
376.225	1.172	1.165	0.883	35.359	36.865	27.776	3	3	5
377.723	1.200	1.192	0.804	31.036	32.575	36.389	3	3	5
378.932	1.205	1.222	0.812	31.036	32.575	36.389	3	3	5
380.133	1.187	1.186	0.855	31.036	32.575	36.389	3	3	5
381.335	1.156	1.164	0.897	31.036	32.575	36.389	3	3	5
382.539	1.156	1.137	0.939	31.036	32.575	36.389	3	3	5
383.740	1.107	1.110	0.939	31.036	32.575	36.389	3	3	5
384.940	1.107	1.086	1.002	29.716	31.793	38.491	3	3	5
386.441	1.063	1.087	1.033	29.716	31.793	38.491	3	3	5
387.657	1.055	1.087	1.052	29.716	31.793	38.491	3	3	5
388.846	1.042	1.080	1.052	29.716	31.793	38.491	3	3	5
390.053	1.032	1.075	1.071	29.716	31.793	38.491	3	3	5
391.259	1.023	1.063	1.083	29.716	31.793	38.491	3	3	5
392.455	1.022	1.062	1.092	30.846	31.759	37.395	3	3	5
393.666	1.024	1.066	1.066	30.846	31.759	37.395	3	3	5
395.163	1.031	1.069	1.106	30.846	31.759	37.395	3	3	5
396.370	1.038	1.063	1.106	30.846	31.759	37.395	3	3	5
397.574	1.045	1.063	1.146	30.846	31.759	37.395	3	3	5
399.070	1.050	1.060	1.159	30.846	31.759	37.395	3	3	5
400.277	1.057	1.058	1.199	32.286	33.210	34.504	4	3	5
401.482	1.057	1.057	1.224	32.286	33.210	34.504	4	3	5
402.979	1.022	1.056	1.186	32.286	33.210	34.504	4	3	5
404.181	0.977	1.060	1.175	32.286	33.210	34.504	4	3	5
405.386	0.928	1.067	1.161	32.286	33.210	34.504	4	3	5
406.596	0.881	1.068	1.117	32.286	33.210	34.504	4	3	5
407.792	0.834	1.067	1.083	38.066	30.605	31.328	4	3	5
408.995	0.822	1.071	1.069	38.066	30.605	31.328	4	3	5
410.195	0.854	1.059	1.002	38.066	30.605	31.328	4	3	5
411.111	0.891	1.048	1.000	38.066	30.605	31.328	4	3	5
412.311	0.923	1.037	1.000	38.066	30.605	31.328	4	3	5
413.503	0.954	1.028	0.975	38.066	30.605	31.328	4	3	5
414.713	0.997	1.015	0.975	38.004	30.013	31.983	4	3	5
415.908	0.997	1.015	0.972	38.004	30.013	31.983	4	3	5
417.111	0.993	1.004	0.972	38.004	30.013	31.983	4	3	5
418.316	0.990	1.004	0.992	38.004	30.013	31.983	4	3	5
419.222	0.991	0.999	0.992	38.004	30.013	31.983	4	3	5
420.428	0.981	1.000	0.961	38.004	30.013	31.983	4	3	5
421.623	0.981	0.993	0.961	37.889	29.561	32.550	4	3	5
422.826	0.983	0.996	0.956	37.889	29.561	32.550	4	3	5
423.732	0.986	0.986	0.993	37.889	29.561	32.550	4	3	5
425.229	0.984	0.991	0.964	37.889	29.561	32.550	4	3	5
426.137	0.984	0.986	1.012	37.889	29.561	32.550	4	3	5
427.346	0.981	0.983	1.026	37.889	29.561	32.550	4	3	5
428.540	0.979	0.980	0.974	37.837	29.491	32.672	4	3	5
429.450	0.979	0.990	0.974	37.837	29.491	32.672	4	3	5
430.646	0.982	0.985	0.964	37.837	29.491	32.672	4	4	5
431.846	0.983	0.985	0.909	37.837	29.491	32.672	4	4	5
433.046	0.983	0.988	0.903	37.837	29.491	32.672	4	4	5
433.957	0.983	0.970	0.903	37.837	29.491	32.672	4	4	5
435.150	0.982	0.913	0.905	36.032	30.206	33.761	4	4	5
436.352	0.980	0.863	0.905	36.032	30.206	33.761	4	4	5
437.266	0.974	0.819	0.905	36.032	30.206	33.761	4	4	5
438.458	0.964	0.777	0.917	36.032	30.206	33.761	4	4	5
439.364	0.958	0.754	0.917	36.032	30.206	33.761	4	4	5
440.570	0.951	0.758	0.927	36.032	30.206	33.761	4	4	5
441.765	0.941	0.759	0.927	33.440	34.755	31.805	4	4	5
442.970	0.941	0.759	0.979	33.440	34.755	31.805	4	4	5
444.177	0.944	0.756	1.007	33.440	34.755	31.805	4	4	5
445.382	0.946	0.749	1.057	33.440	34.755	31.805	4	4	5
446.290	0.945	0.749	1.056	33.440	34.755	31.805	4	4	5
447.478	0.948	0.753	1.058	33.440	34.755	31.805	4	4	5
448.681	0.945	0.754	0.985	31.103	40.515	28.381	4	4	5
449.585	0.944	0.754	0.985	31.103	40.515	28.381	4	4	5
450.791	0.918	0.805	0.903	31.103	40.515	28.381	4	4	5
451.990	0.897	0.854	0.874	31.103	40.515	28.381	4	4	5
452.898	0.874	0.905	0.844	31.103	40.515	28.381	4	4	5
454.095	0.852	0.956	0.816	31.103	40.515	28.381	4	4	5
455.297	0.829	1.010	0.787	32.999	35.282	31.719	4	4	5
456.501	0.827	1.014	0.787	32.999	35.282	31.719	4	4	5
457.702	0.823	1.025	0.834	32.999	35.282	31.719	4	4	5
458.905	0.822	1.031	0.842	32.999	35.282	31.719	4	4	5
459.814	0.822	1.029	0.840	32.999	35.282	31.719	4	4	5
461.016	0.825	1.024	0.841	32.999	35.282	31.719	4	4	5
462.212	0.824	1.022	0.797	35.017	30.185	34.798	4	4	5
463.419	0.825	1.013	0.796	35.017	30.185	34.798	4	4	5
464.324	0.826	1.003	0.796	35.017	30.185	34.798	4	5	5
465.522	0.827	0.995	0.795	35.017	30.185	34.798	4	5	5
466.431	0.823	0.958	0.831	35.017	30.185	34.798	4	5	5
467.331	0.828	0.919	0.838	35.017	30.185	34.798	4	5	5
468.233	0.828	0.878	0.841	35.825	29.124	35.051	4	5	5
469.430	0.849	0.796	0.851	35.825	29.124	35.051	4	5	5
470.637	0.873	0.719	0.879	35.825	29.124	35.051	4	5	5
471.541	0.897	0.676	0.879	35.825	29.124	35.051	4	5	5
472.738	0.915	0.631	0.908	35.825	29.124	35.051	4	5	5
473.941	0.942	0.588	0.941	35.825	29.124	35.051	4	5	5
475.142	0.941	0.587	0.982	30.857	40.213	28.930	4	5	5
476.349	0.936	0.592	1.002	30.857	40.213	28.930	4	5	5
477.249	0.909	0.638	1.002	30.857	40.213	28.930	4	5	5
478.151	0.893	0.684	0.971	30.857	40.213	28.930	4	5	5
479.053	0.863	0.730	0.943	30.857	40.213	28.930	4	5	5
479.957	0.839	0.773	0.894	30.857	40.213	28.930	4	5	5
480.864	0.817	0.813	0.843	31.073	40.693	28.234	4	5	5
481.765	0.816	0.808	0.811	31.073	40.693	28.234	4	5	5
482.962	0.810	0.808	0.806	31.073	40.693	28.234	4	5	5
483.865	0.813	0.807	0.802	31.073	40.693	28.234	4	5	5
484.767	0.814	0.808	0.802	31.073	40.693	28.234	4	5	5
485.676	0.815	0.813	0.799	31.073	40.693	28.234	4	5	5
486.579	0.815	0.815	0.794	30.843	40.392	28.766	4	5	5
487.490	0.814	0.818	0.783	30.843	40.392	28.766	4	5	5
488.387	0.813	0.818	0.783	30.843	40.392	28.766	4	5	5
489.290	0.813	0.818	0.788	30.843	40.392	28.766	4	5	5
490.490	0.812	0.817	0.792	30.843	40.392	28.766	4	5	5
491.390	0.813	0.816	0.792	30.843	40.392	28.766	4	5	5
492.291	0.812	0.812	0.798	30.688	40.189	29.123	4	5	5
493.194	0.812	0.810	0.801	30.688	40.189	29.123	4	5	5
494.092	0.812	0.810	0.800	30.688	40.189	29.123	4	5	5
495.000	0.811	0.808	0.803	30.688	40.189	29.123	4	5	5
495.904	0.813	0.805	0.805	30.688	40.189	29.123	4	5	5
496.818	0.814	0.807	0.808	30.688	40.189	29.123	4	5	5
498.017	0.814	0.805	0.843	30.858	40.864	28.278	4	5	5
498.910	0.813	0.806	0.843	30.858	40.864	28.278	4	5	5
500.110	0.816	0.807	0.862	30.858	40.864	28.278	4	5	5
501.015	0.815	0.809	0.862	30.858	40.864	28.278	4	5	5
501.918	0.815	0.810	0.861	30.858	40.864	28.278	4	5	5
502.819	0.817	0.817	0.856	30.858	40.864	28.278	4	5	5
503.722	0.818	0.822	0.816	30.898	40.718	28.384	4	5	5
504.625	0.819	0.825	0.794	30.898	40.718	28.384	4	5	5
505.526	0.819	0.826	0.789	30.898	40.718	28.384	4	5	5
506.727	0.820	0.827	0.787	30.898	40.718	28.384	4	5	5
507.638	0.824	0.825	0.802	30.898	40.718	28.384	4	5	5
508.831	0.825	0.820	0.827	30.898	40.718	28.384	4	5	5
510.032	0.827	0.818	0.902	31.501	41.968	26.531	4	5	5
510.936	0.824	0.816	0.900	31.501	41.968	26.531	4	5	5
511.837	0.830	0.821	0.876	31.501	41.968	26.531	4	5	5
512.741	0.828	0.825	0.876	31.501	41.968	26.531	4	5	5
513.648	0.831	0.831	0.844	31.501	41.968	26.531	4	5	5
514.550	0.831	0.831	0.797	31.501	41.968	26.531	4	5	5
515.746	0.836	0.843	0.738	30.531	40.339	29.129	4	5	5
516.655	0.830	0.844	0.739	30.531	40.339	29.129	4	5	5
517.555	0.834	0.838	0.739	30.531	40.339	29.129	4	5	5
518.459	0.825	0.830	0.751	30.531	40.339	29.129	4	5	5
519.361	0.825	0.824	0.771	30.531	40.339	29.129	4	5	5
520.558	0.811	0.818	0.799	30.531	40.339	29.129	4	5	5
521.460	0.807	0.812	0.799	30.518	40.074	29.408	4	5	5
522.367	0.799	0.811	0.813	30.518	40.074	29.408	4	5	5
523.271	0.799	0.814	0.813	30.518	40.074	29.408	4	5	5
524.170	0.802	0.814	0.810	30.518	40.074	29.408	4	5	5
525.075	0.802	0.812	0.812	30.518	40.074	29.408	4	5	5
525.978	0.802	0.811	0.817	30.518	40.074	29.408	4	5	5
527.175	0.800	0.812	0.823	30.956	40.048	28.996	4	5	5
528.076	0.802	0.808	0.823	30.956	40.048	28.996	4	5	5
528.978	0.803	0.806	0.821	30.956	40.048	28.996	4	5	5
529.881	0.806	0.806	0.818	30.956	40.048	28.996	4	5	5
530.785	0.809	0.803	0.814	30.956	40.048	28.996	4	5	5
531.691	0.812	0.802	0.808	30.956	40.048	28.996	4	5	5
532.593	0.815	0.803	0.808	30.695	40.304	29.001	4	5	5
533.791	0.813	0.805	0.813	30.695	40.304	29.001	4	5	5
534.699	0.811	0.807	0.813	30.695	40.304	29.001	4	5	5
535.599	0.810	0.808	0.816	30.695	40.304	29.001	4	5	5
536.502	0.811	0.809	0.814	30.695	40.304	29.001	4	5	5
537.401	0.811	0.812	0.813	30.695	40.304	29.001	4	5	5
538.306	0.811	0.812	0.813	30.732	40.303	28.965	4	5	5
539.209	0.811	0.815	0.806	30.732	40.303	28.965	4	5	5
540.118	0.811	0.815	0.803	30.732	40.303	28.965	4	5	5
541.310	0.814	0.815	0.806	30.732	40.303	28.965	4	5	5
542.217	0.813	0.813	0.827	30.732	40.303	28.965	4	5	5
543.127	0.813	0.809	0.842	30.732	40.303	28.965	4	5	5
544.315	0.818	0.806	0.842	30.802	40.995	28.203	4	5	5
545.219	0.818	0.803	0.842	30.802	40.995	28.203	4	5	5
546.126	0.817	0.807	0.843	30.802	40.995	28.203	4	5	5
547.023	0.817	0.814	0.814	30.802	40.995	28.203	4	5	5
547.927	0.817	0.817	0.798	30.802	40.995	28.203	4	5	5
548.833	0.810	0.820	0.789	30.802	40.995	28.203	4	5	5
549.734	0.810	0.820	0.787	30.702	40.365	28.933	4	5	5
550.934	0.810	0.822	0.791	30.702	40.365	28.933	4	5	5
551.839	0.810	0.819	0.796	30.702	40.365	28.933	4	5	5
552.735	0.810	0.817	0.796	30.702	40.365	28.933	4	5	5
553.638	0.811	0.812	0.800	30.702	40.365	28.933	4	5	5
554.539	0.810	0.811	0.805	30.702	40.365	28.933	4	5	5
555.454	0.809	0.813	0.802	30.686	40.144	29.170	4	5	5
556.350	0.810	0.812	0.802	30.686	40.144	29.170	4	5	5
557.258	0.810	0.812	0.802	30.686	40.144	29.170	4	5	5
558.449	0.816	0.811	0.808	30.686	40.144	29.170	4	5	5
559.355	0.817	0.808	0.808	30.686	40.144	29.170	4	5	5
560.253	0.819	0.806	0.810	30.686	40.144	29.170	4	5	5
561.155	0.818	0.806	0.813	30.449	40.428	29.123	4	5	5
562.059	0.819	0.806	0.816	30.449	40.428	29.123	4	5	5
562.970	0.816	0.809	0.810	30.449	40.428	29.123	4	5	5
563.866	0.816	0.809	0.810	30.449	40.428	29.123	4	5	5
565.073	0.817	0.808	0.810	30.449	40.428	29.123	4	5	5
565.974	0.817	0.808	0.851	30.449	40.428	29.123	4	5	5
566.876	0.815	0.808	0.851	30.720	41.141	28.139	4	5	5
568.094	0.811	0.816	0.847	30.720	41.141	28.139	4	5	5
568.982	0.807	0.831	0.847	30.720	41.141	28.139	4	5	5
569.887	0.809	0.835	0.841	30.720	41.141	28.139	4	5	5
570.790	0.810	0.837	0.836	30.720	41.141	28.139	4	5	5
571.692	0.810	0.837	0.791	30.720	41.141	28.139	4	5	5
572.890	0.814	0.834	0.781	30.658	40.073	29.269	4	5	5
573.807	0.817	0.824	0.781	30.658	40.073	29.269	4	5	5
574.998	0.817	0.821	0.839	30.658	40.073	29.269	4	5	5
575.902	0.818	0.817	0.839	30.658	40.073	29.269	4	5	5
577.101	0.817	0.811	0.897	30.658	40.073	29.269	4	4	5
578.308	0.816	0.887	0.905	30.658	40.073	29.269	4	4	5
579.506	0.817	0.919	0.881	32.815	38.132	29.053	4	4	5
580.413	0.817	0.919	0.881	32.815	38.132	29.053	4	4	5
581.615	0.828	0.991	0.868	32.815	38.132	29.053	4	4	5
582.813	0.839	1.021	0.820	32.815	38.132	29.053	4	4	5
583.721	0.856	0.979	0.820	32.815	38.132	29.053	4	4	5
584.918	0.865	0.973	0.816	32.815	38.132	29.053	4	4	5
585.823	0.877	0.973	0.816	33.345	34.925	31.729	4	4	5
587.022	0.877	0.958	0.810	33.345	34.925	31.729	4	4	5
588.238	0.879	0.957	0.828	33.345	34.925	31.729	4	4	5
589.127	0.872	0.951	0.828	33.345	34.925	31.729	4	4	5
590.331	0.874	0.947	0.851	33.345	34.925	31.729	4	4	5
591.237	0.870	0.949	0.851	33.345	34.925	31.729	4	4	5
592.435	0.868	0.952	0.852	34.196	32.655	33.149	4	4	5
593.339	0.861	0.952	0.852	34.196	32.655	33.149	4	4	5
594.539	0.858	0.951	0.816	34.196	32.655	33.149	4	4	5
595.447	0.858	0.951	0.816	34.196	32.655	33.149	4	4	5
596.644	0.862	0.949	0.813	34.196	32.655	33.149	4	4	5
597.852	0.859	0.949	0.848	34.196	32.655	33.149	4	4	5
598.755	0.862	0.949	0.848	35.053	30.406	34.541	4	4	5
599.950	0.863	0.957	0.864	35.053	30.406	34.541	4	4	5
601.153	0.863	0.962	0.863	35.053	30.406	34.541	4	4	5
602.061	0.856	0.968	0.850	35.053	30.406	34.541	4	4	5
603.257	0.855	0.966	0.823	35.053	30.406	34.541	4	4	5
604.173	0.854	0.964	0.823	35.053	30.406	34.541	4	4	5
605.362	0.853	0.958	0.809	35.570	27.472	36.957	4	4	5
606.268	0.852	0.958	0.809	35.570	27.472	36.957	4	4	5
607.471	0.866	0.893	0.806	35.570	27.472	36.957	4	4	4
608.686	0.880	0.841	0.855	35.570	27.472	36.957	4	4	4
610.185	0.891	0.791	0.898	35.570	27.472	36.957	4	4	4
611.685	0.905	0.742	1.023	35.570	27.472	36.957	4	4	4
613.179	0.918	0.691	1.204	35.483	36.408	28.109	4	4	4
614.388	0.919	0.695	1.204	35.483	36.408	28.109	4	4	4
615.585	0.918	0.744	1.248	35.483	36.408	28.109	4	4	4
616.788	0.920	0.791	1.147	35.483	36.408	28.109	4	4	4
617.695	0.922	0.834	1.147	35.483	36.408	28.109	4	4	4
618.892	0.922	0.881	1.089	35.483	36.408	28.109	4	4	4
619.801	0.922	0.924	1.028	36.572	37.444	25.984	4	4	4
621.004	0.932	0.927	0.971	36.572	37.444	25.984	4	4	4
622.207	0.938	0.932	0.941	36.572	37.444	25.984	4	4	4
623.109	0.938	0.936	0.941	36.572	37.444	25.984	4	4	4
624.305	0.949	0.938	0.917	36.572	37.444	25.984	4	4	4
625.514	0.952	0.944	0.917	36.572	37.444	25.984	4	4	4
626.710	0.951	0.943	0.963	36.574	37.764	25.662	4	4	4
627.618	0.951	0.937	0.963	36.574	37.764	25.662	4	4	4
628.814	0.956	0.939	0.964	36.574	37.764	25.662	4	4	4
629.720	0.956	0.939	0.961	36.574	37.764	25.662	4	4	4
630.921	0.954	0.946	0.957	36.574	37.764	25.662	4	4	4
632.121	0.956	0.951	0.889	36.574	37.764	25.662	4	4	4
633.029	0.956	0.951	0.889	35.810	37.170	27.020	4	4	4
634.232	0.946	0.959	0.888	35.810	37.170	27.020	4	4	4
635.433	0.941	0.955	0.918	35.810	37.170	27.020	4	4	4
636.629	0.938	0.946	0.952	35.810	37.170	27.020	4	4	4
637.537	0.938	0.946	0.962	35.810	37.170	27.020	4	4	4
638.740	0.930	0.938	0.972	35.810	37.170	27.020	4	4	4
639.643	0.930	0.938	0.980	36.428	37.488	26.084	4	4	4
640.840	0.932	0.935	0.957	36.428	37.488	26.084	4	3	4
642.342	0.934	1.017	0.922	36.428	37.488	26.084	4	3	4
643.550	0.938	1.070	0.931	36.428	37.488	26.084	4	3	4
645.048	0.940	1.140	0.961	36.428	37.488	26.084	4	3	4
646.550	0.944	1.205	0.959	36.428	37.488	26.084	4	3	4
647.759	0.945	1.272	0.978	40.710	31.125	28.166	4	3	4
649.257	0.947	1.252	1.018	40.710	31.125	28.166	4	3	4
650.471	0.969	1.211	1.018	40.710	31.125	28.166	4	3	4
651.666	0.991	1.162	1.054	40.710	31.125	28.166	4	3	4
653.166	1.014	1.117	1.068	40.710	31.125	28.166	4	3	4
654.367	1.032	1.072	1.127	40.710	31.125	28.166	4	3	4
655.570	1.053	1.032	1.100	40.943	31.940	27.117	4	3	4
656.774	1.052	1.042	1.081	40.943	31.940	27.117	4	3	4
657.975	1.052	1.047	1.065	40.943	31.940	27.117	4	3	4
659.177	1.050	1.056	1.036	40.943	31.940	27.117	4	3	4
660.384	1.053	1.062	1.039	40.943	31.940	27.117	4	3	4
661.582	1.053	1.066	1.045	40.943	31.940	27.117	4	3	4
662.492	1.053	1.066	1.045	41.018	31.608	27.374	4	3	4
663.692	1.052	1.058	1.021	41.018	31.608	27.374	4	3	4
664.897	1.054	1.051	0.996	41.018	31.608	27.374	4	3	4
666.097	1.055	1.051	0.965	41.018	31.608	27.374	4	3	4
667.306	1.055	1.055	0.955	41.018	31.608	27.374	4	3	4
668.798	1.059	1.057	1.012	41.018	31.608	27.374	4	3	4
670.002	1.058	1.060	1.012	40.537	31.179	28.284	4	3	4
671.206	1.058	1.065	1.070	40.537	31.179	28.284	3	3	4
672.413	1.057	1.059	1.070	40.537	31.179	28.284	3	3	4
673.910	1.057	1.054	1.083	40.537	31.179	28.284	3	3	4
675.410	1.203	1.049	1.041	40.537	31.179	28.284	3	3	4
676.916	1.264	1.045	0.999	40.537	31.179	28.284	3	3	4
678.415	1.324	1.042	0.991	34.371	33.590	32.039	3	3	4
679.920	1.386	1.043	1.009	34.371	33.590	32.039	3	3	4
681.419	1.362	1.045	1.011	34.371	33.590	32.039	3	3	4
682.923	1.364	1.053	1.026	34.371	33.590	32.039	3	3	4
684.428	1.368	1.056	1.033	34.371	33.590	32.039	3	3	4
685.935	1.367	1.055	1.034	34.371	33.590	32.039	3	3	4
687.138	1.367	1.058	1.001	28.283	35.713	36.004	3	3	4
688.936	1.288	1.090	1.001	28.283	35.713	36.004	3	3	4
690.438	1.207	1.114	1.110	28.283	35.713	36.004	3	3	4
691.644	1.125	1.143	1.165	28.283	35.713	36.004	3	3	4
693.150	1.050	1.177	1.211	28.283	35.713	36.004	3	3	4
694.359	0.974	1.200	1.261	28.283	35.713	36.004	3	3	4
695.856	0.970	1.198	1.311	33.735	34.491	31.774	3	3	4
697.065	0.973	1.194	1.252	33.735	34.491	31.774	3	3	4
698.861	0.976	1.190	1.232	33.735	34.491	31.774	3	3	4
700.369	0.976	1.184	1.289	33.735	34.491	31.774	3	3	4
701.876	0.975	1.189	1.331	33.735	34.491	31.774	3	3	4
703.369	0.977	1.194	1.359	33.735	34.491	31.774	3	2	4
704.873	0.973	1.199	1.382	40.115	33.283	26.602	3	2	4
706.682	0.975	1.332	1.326	40.115	33.283	26.602	3	2	4
708.479	1.051	1.429	1.222	40.115	33.283	26.602	3	2	4
710.292	1.127	1.527	1.134	40.115	33.283	26.602	3	2	4
712.088	1.202	1.612	1.072	40.115	33.283	26.602	3	2	4
713.890	1.279	1.697	1.042	40.115	33.283	26.602	3	2	4
715.693	1.352	1.664	0.979	38.611	26.029	35.360	3	2	4
717.500	1.354	1.666	0.979	38.611	26.029	35.360	3	2	4
719.004	1.346	1.587	1.044	38.611	26.029	35.360	3	2	4
720.502	1.337	1.526	1.099	38.611	26.029	35.360	3	2	4
722.005	1.331	1.456	1.099	38.611	26.029	35.360	3	2	4
723.507	1.322	1.384	1.238	38.611	26.029	35.360	3	2	4
724.716	1.322	1.384	1.238	38.141	24.560	37.299	3	2	4
726.213	1.314	1.303	1.297	38.141	24.560	37.299	3	2	4
727.715	1.307	1.277	1.303	38.141	24.560	37.299	3	2	4
728.925	1.307	1.277	1.291	38.141	24.560	37.299	3	2	4
730.721	1.293	1.256	1.291	38.141	24.560	37.299	3	2	4
732.228	1.284	1.242	1.291	38.141	24.560	37.299	3	2	4
733.731	1.284	1.234	1.360	38.561	25.836	35.603	3	2	4
735.228	1.285	1.252	1.369	38.561	25.836	35.603	2	2	4
736.749	1.295	1.256	1.359	38.561	25.836	35.603	2	2	4
738.834	1.436	1.272	1.318	38.561	25.836	35.603	2	2	4
740.937	1.563	1.289	1.252	38.561	25.836	35.603	2	2	4
742.747	1.563	1.304	1.225	38.561	25.836	35.603	2	2	4
744.849	1.690	1.310	1.228	31.898	27.572	40.531	2	2	4
746.966	1.924	1.319	1.231	31.898	27.572	40.531	2	2	4
748.759	1.847	1.340	1.263	31.898	27.572	40.531	2	2	4
750.559	1.783	1.347	1.359	31.898	27.572	40.531	2	2	4
752.361	1.716	1.364	1.359	31.898	27.572	40.531	2	2	4
754.167	1.651	1.375	1.494	31.898	27.572	40.531	2	2	4
755.677	1.651	1.390	1.522	29.368	30.152	40.480	2	2	4
757.472	1.586	1.380	1.521	29.368	30.152	40.480	2	2	4
758.981	1.586	1.405	1.521	29.368	30.152	40.480	2	2	4
760.790	1.538	1.438	1.456	29.368	30.152	40.480	2	2	4
762.289	1.538	1.438	1.425	29.368	30.152	40.480	2	2	4
764.084	1.500	1.469	1.442	29.368	30.152	40.480	2	2	4
765.594	1.500	1.469	1.442	28.718	30.106	41.175	2	2	4
767.395	1.474	1.520	1.448	28.718	30.106	41.175	2	2	3
768.897	1.474	1.518	1.448	28.718	30.106	41.175	2	2	3
771.001	1.458	1.508	1.415	28.718	30.106	41.175	2	2	3
773.098	1.447	1.497	1.539	28.718	30.106	41.175	2	2	3
774.907	1.438	1.490	1.618	28.718	30.106	41.175	2	2	3
777.009	1.438	1.495	1.706	31.086	31.346	37.568	2	2	3
778.813	1.438	1.518	1.819	31.086	31.346	37.568	2	2	3
780.911	1.487	1.534	1.810	31.086	31.346	37.568	2	2	3
782.719	1.510	1.546	1.810	31.086	31.346	37.568	2	2	3
784.524	1.535	1.555	1.801	31.086	31.346	37.568	2	2	3
786.329	1.556	1.564	1.777	31.086	31.346	37.568	2	2	3
788.136	1.557	1.560	1.720	32.253	32.461	35.286	2	2	3
789.941	1.559	1.564	1.721	32.253	32.461	35.286	2	2	3
791.739	1.562	1.569	1.711	32.253	32.461	35.286	2	2	3
794.136	1.561	1.567	1.759	32.253	32.461	35.286	2	2	3
795.939	1.563	1.573	1.766	32.253	32.461	35.286	2	2	3
797.742	1.559	1.573	1.763	32.253	32.461	35.286	2	2	3
799.545	1.557	1.576	1.765	33.791	33.598	32.611	1	2	3
801.348	1.556	1.572	1.765	33.791	33.598	32.611	1	2	3
804.359	1.556	1.572	1.749	33.791	33.598	32.611	1	2	3
807.655	2.145	1.568	1.765	33.791	33.598	32.611	1	2	3
810.659	2.145	1.565	1.764	33.791	33.598	32.611	1	2	3
813.669	2.435	1.555	1.790	33.791	33.598	32.611	1	2	3
816.967	3.008	1.556	1.852	22.274	42.813	34.913	1	2	3
819.979	3.008	1.559	1.840	22.274	42.813	34.913	1	2	3
822.379	2.831	1.673	1.839	22.274	42.813	34.913	1	2	3
824.483	2.831	1.673	1.841	22.274	42.813	34.913	1	2	3
826.884	2.672	1.909	1.792	22.274	42.813	34.913	1	2	3
829.283	2.346	2.032	1.704	22.274	42.813	34.913	1	2	3
831.392	2.346	2.032	1.649	18.351	40.725	40.924	1	2	2
833.790	2.114	2.123	1.691	18.351	40.725	40.924	1	2	2
836.793	2.043	2.097	1.919	18.351	40.725	40.924	1	2	2
839.497	1.972	2.071	1.919	18.351	40.725	40.924	1	2	2
842.814	1.904	2.043	2.152	18.351	40.725	40.924	1	2	2
845.806	1.831	2.025	2.487	18.351	40.725	40.924	1	2	2
848.810	1.834	2.026	2.709	22.131	44.458	33.412	1	2	2
851.821	1.829	2.032	2.880	22.131	44.458	33.412	1	2	2
854.523	1.899	2.074	2.913	22.131	44.458	33.412	1	2	2
857.226	1.965	2.108	2.892	22.131	44.458	33.412	1	2	2
860.824	2.035	2.145	2.858	22.131	44.458	33.412	1	2	2
863.827	2.104	2.177	2.858	22.131	44.458	33.412	1	2	2
866.244	2.180	2.216	2.879	24.275	47.974	27.751	1	1	2
871.044	2.179	2.216	2.679	24.275	47.974	27.751	1	1	2
876.150	2.220	2.712	2.598	24.275	47.974	27.751	1	1	2
880.952	2.261	3.267	2.341	24.275	47.974	27.751	1	1	2
886.058	2.302	4.291	2.121	24.275	47.974	27.751	1	1	2
890.860	2.343	4.789	2.022	24.275	47.974	27.751	1	1	2
895.661	2.386	4.789	1.967	29.662	29.206	41.132	1	1	2
900.470	2.392	4.795	2.036	29.662	29.206	41.132	1	1	2
903.474	2.392	4.743	2.036	29.662	29.206	41.132	1	1	2
906.476	2.494	4.375	2.230	29.662	29.206	41.132	1	1	2
909.480	2.595	3.995	2.418	29.662	29.206	41.132	1	1	2
912.784	2.793	3.253	2.589	29.662	29.206	41.132	1	1	2
916.685	2.893	2.879	2.835	29.373	29.062	41.565	1	1	2
919.688	2.893	2.882	3.025	29.373	29.062	41.565	1	1	2
922.691	2.894	2.880	3.021	29.373	29.062	41.565	1	1	2
925.998	2.889	2.878	3.021	29.373	29.062	41.565	1	1	2
929.905	2.884	2.872	3.204	29.373	29.062	41.565	1	1	2
933.202	2.876	2.874	3.204	29.373	29.062	41.565	1	1	2
937.107	2.868	2.868	3.314	31.114	30.784	38.103	1	1	2
940.414	2.869	2.866	3.314	31.114	30.784	38.103	1	1	2
943.714	2.869	2.903	3.390	31.114	30.784	38.103	1	1	2
946.720	2.899	2.903	3.390	31.114	30.784	38.103	1	1	2
950.021	2.934	2.977	3.201	31.114	30.784	38.103	1	1	2
953.324	3.007	3.011	3.020	31.114	30.784	38.103	1	1	2
956.340	3.007	3.011	2.880	30.612	30.247	39.141	1	1	2
959.637	3.038	3.047	2.850	30.612	30.247	39.141	1	1	2
963.232	3.019	3.034	2.850	30.612	30.247	39.141	1	1	2
966.241	3.019	3.034	2.942	30.612	30.247	39.141	1	1	2
969.541	2.982	3.000	2.900	30.612	30.247	39.141	1	1	2
972.547	2.982	2.992	2.918	30.612	30.247	39.141	1	1	2
975.553	2.965	2.992	2.892	30.395	29.761	39.844	1	1	2
978.861	2.953	2.981	2.729	30.395	29.761	39.844	1	1	2
981.861	2.953	2.974	2.729	30.395	29.761	39.844	1	1	1
988.465	2.949	2.967	3.503	30.395	29.761	39.844	1	1	1
994.176	2.952	2.959	4.062	30.395	29.761	39.844	1	1	1
999.873	2.953	2.954	4.654	30.395	29.761	39.844	1	1	1
1005.275	2.957	2.946	5.166	36.588	35.959	27.454	1	1	1
1010.691	2.961	2.945	5.166	36.588	35.959	27.454	1	1	1
1014.289	2.961	2.945	5.604	36.588	35.959	27.454	1	1	1
1018.489	3.202	3.189	4.736	36.588	35.959	27.454	1	1	1
1022.095	3.202	3.316	4.736	36.588	35.959	27.454	1	1	1
1026.294	3.437	3.434	4.063	36.588	35.959	27.454	1	1	1
1029.900	3.437	3.549	4.063	38.662	36.798	24.540	1	1	1
1033.806	3.558	3.542	3.726	38.662	36.798	24.540	1	1	1
1037.708	3.558	3.556	3.682	38.662	36.798	24.540	1	1	1
1041.912	3.620	3.565	3.724	38.662	36.798	24.540	1	1	1
1045.816	3.662	3.584	3.676	38.662	36.798	24.540	1	1	1
1049.422	3.662	3.604	3.646	38.662	36.798	24.540	1	1	1
1053.326	3.705	3.622	3.569	37.986	36.984	25.030	1	1	1
1057.227	3.742	3.626	3.547	37.986	36.984	25.030	1	1	1
1061.136	3.726	3.629	3.426	37.986	36.984	25.030	1	1	1
1064.737	3.726	3.629	3.383	37.986	36.984	25.030	1	1	1
1068.640	3.711	3.638	3.407	37.986	36.984	25.030	1	1	1
1072.545	3.685	3.642	3.380	37.986	36.984	25.030	1	1	1
1076.150	3.685	3.642	3.381	36.992	36.441	26.567	1	1	1
1080.052	3.682	3.637	3.404	36.992	36.441	26.567	1	1	1
1083.658	3.678	3.637	3.404	36.992	36.441	26.567	1	1	1
1087.558	3.631	3.617	3.439	36.992	36.441	26.567	1	1	1
1091.167	3.631	3.608	3.476	36.992	36.441	26.567	1	1	1
1094.769	3.609	3.608	3.476	36.992	36.441	26.567	1	1	1
1098.672	3.586	3.592	3.552	36.921	36.310	26.769	1	1	1
1102.276	3.575	3.592	3.552	36.921	36.310	26.769	1	1	1
1106.177	3.581	3.591	3.562	36.921	36.310	26.769	1	1	1
1109.781	3.588	3.591	3.562	36.921	36.310	26.769	1	1	1
1113.385	3.588	3.586	3.562	36.921	36.310	26.769	1	1	1
1117.289	3.586	3.576	3.559	36.921	36.310	26.769	1	1	1
1121.191	3.585	3.572	3.579	36.855	36.378	26.767	1	1	1
1124.800	3.586	3.572	3.579	36.855	36.378	26.767	1	1	1
1128.697	3.575	3.580	3.561	36.855	36.378	26.767	1	1	1
1132.301	3.575	3.584	3.560	36.855	36.378	26.767	1	1	1
1135.907	3.577	3.584	3.560	36.855	36.378	26.767	1	1	1
1139.814	3.577	3.600	3.552	36.855	36.378	26.767	1	1	1
1143.414	3.577	3.600	3.557	36.886	36.175	26.939	1	1	1
1147.318	3.573	3.602	3.575	36.886	36.175	26.939	1	1	1
1150.921	3.573	3.590	3.575	36.886	36.175	26.939	1	1	1
1154.526	3.569	3.590	3.588	36.886	36.175	26.939	1	1	1
1158.425	3.565	3.575	3.577	36.886	36.175	26.939	1	1	1
1162.029	3.565	3.564	3.577	36.886	36.175	26.939	1	1	1
1165.636	3.572	3.564	3.569	36.847	36.219	26.934	1	1	1
1169.539	3.569	3.562	3.578	36.847	36.219	26.934	1	1	1
1173.144	3.569	3.562	3.578	36.847	36.219	26.934	1	1	1
1177.045	3.558	3.563	3.589	36.847	36.219	26.934	1	1	1
1180.648	3.558	3.563	3.589	36.847	36.219	26.934	1	1	1
1184.254	3.554	3.570	3.595	36.847	36.219	26.934	1	1	1
1188.154	3.555	3.575	3.582	36.997	36.163	26.840	1	1	1
1191.761	3.565	3.576	3.582	36.997	36.163	26.840	1	1	1
1195.365	3.566	3.576	3.577	36.997	36.163	26.840	1	1	1
1199.270	3.576	3.572	3.562	36.997	36.163	26.840	1	1	1
1202.872	3.581	3.572	3.562	36.997	36.163	26.840	1	1	1
1206.771	3.585	3.571	3.579	36.997	36.163	26.840	1	1	1
1210.379	3.583	3.571	3.592	36.977	36.264	26.758	1	1	1
1214.283	3.589	3.577	3.589	36.977	36.264	26.758	1	1	1
1217.885	3.584	3.577	3.589	36.977	36.264	26.758	1	1	1
1221.489	3.583	3.578	3.595	36.977	36.264	26.758	1	1	1
1225.390	3.587	3.581	3.558	36.977	36.264	26.758	1	1	1
1228.998	3.592	3.581	3.558	36.977	36.264	26.758	1	1	1
1232.912	3.596	3.584	3.541	36.780	36.192	27.029	1	1	1
1236.502	3.596	3.585	3.535	36.780	36.192	27.029	1	1	1
1240.108	3.597	3.585	3.535	36.780	36.192	27.029	1	1	1
1244.008	3.580	3.592	3.553	36.780	36.192	27.029	1	1	1
1247.613	3.580	3.592	3.553	36.780	36.192	27.029	1	1	1
1251.218	3.575	3.588	3.560	36.780	36.192	27.029	1	1	1
1255.121	3.571	3.585	3.586	36.874	36.142	26.984	1	1	1
1258.726	3.566	3.585	3.586	36.874	36.142	26.984	1	1	1
1262.626	3.573	3.575	3.585	36.874	36.142	26.984	1	1	1
1266.232	3.573	3.568	3.585	36.874	36.142	26.984	1	1	1
1269.836	3.572	3.568	3.590	36.874	36.142	26.984	1	1	1
1273.737	3.572	3.563	3.585	36.874	36.142	26.984	1	1	1
1277.343	3.575	3.563	3.585	36.856	36.247	26.897	1	1	1
1281.253	3.574	3.563	3.589	36.856	36.247	26.897	1	1	1
1284.849	3.574	3.568	3.589	36.856	36.247	26.897	1	1	1
1288.457	3.573	3.568	3.586	36.856	36.247	26.897	1	1	1
1292.058	3.568	3.567	3.574	36.856	36.247	26.897	1	1	1
1295.963	3.560	3.566	3.563	36.856	36.247	26.897	1	1	1
1299.565	3.558	3.566	3.563	36.900	36.209	26.891	1	1	1
1303.466	3.563	3.574	3.554	36.900	36.209	26.891	1	1	1
1307.070	3.563	3.574	3.554	36.900	36.209	26.891	1	1	1
1310.689	3.568	3.574	3.554	36.900	36.209	26.891	1	1	1
1314.575	3.578	3.577	3.569	36.900	36.209	26.891	1	1	1
1318.183	3.578	3.577	3.569	36.900	36.209	26.891	1	1	1
1321.786	3.577	3.577	3.562	36.859	36.168	26.973	1	1	1
1325.687	3.575	3.574	3.571	36.859	36.168	26.973	1	1	1
1329.293	3.572	3.574	3.571	36.859	36.168	26.973	1	1	1
1332.897	3.570	3.570	3.577	36.859	36.168	26.973	1	1	1
1336.800	3.572	3.565	3.567	36.859	36.168	26.973	1	1	1
1340.404	3.571	3.565	3.585	36.859	36.168	26.973	1	1	1
1344.008	3.576	3.559	3.570	36.778	36.262	26.960	1	1	1
1347.909	3.579	3.565	3.575	36.778	36.262	26.960	1	1	1
1351.811	3.572	3.577	3.597	36.778	36.262	26.960	1	1	1
1355.416	3.572	3.573	3.578	36.778	36.262	26.960	1	1	1
1359.023	3.569	3.573	3.578	36.778	36.262	26.960	1	1	1
1362.931	3.569	3.574	3.578	36.778	36.262	26.960	1	1	1
1366.534	3.573	3.563	3.576	36.749	36.335	26.916	1	1	1
1370.130	3.574	3.563	3.576	36.749	36.335	26.916	1	1	1
1374.034	3.571	3.571	3.584	36.749	36.335	26.916	1	1	1
1377.641	3.575	3.571	3.584	36.749	36.335	26.916	1	1	1
1381.540	3.576	3.580	3.592	36.749	36.335	26.916	1	1	1
1385.145	3.577	3.580	3.587	36.749	36.335	26.916	1	1	1
1388.757	3.572	3.583	3.587	36.832	36.304	26.864	1	1	1
1392.656	3.572	3.582	3.569	36.832	36.304	26.864	1	1	1
1396.258	3.573	3.582	3.569	36.832	36.304	26.864	1	1	1
1400.161	3.572	3.572	3.581	36.832	36.304	26.864	1	1	1
1403.771	3.573	3.572	3.581	36.832	36.304	26.864	1	1	1
1407.369	3.581	3.574	3.581	36.832	36.304	26.864	1	1	1
1411.269	3.577	3.578	3.576	36.833	36.295	26.872	1	1	1
1414.877	3.572	3.578	3.555	36.833	36.295	26.872	1	1	1
1418.480	3.567	3.579	3.555	36.833	36.295	26.872	1	1	1
1422.381	3.565	3.580	3.557	36.833	36.295	26.872	1	1	1
1425.983	3.562	3.580	3.557	36.833	36.295	26.872	1	1	1
1429.592	3.566	3.574	3.561	36.833	36.295	26.872	1	1	1
1433.490	3.569	3.578	3.579	36.894	36.264	26.842	1	1	1
1437.098	3.570	3.578	3.579	36.894	36.264	26.842	1	1	1
1440.997	3.573	3.573	3.580	36.894	36.264	26.842	1	1	1
1444.603	3.577	3.573	3.580	36.894	36.264	26.842	1	1	1
1448.208	3.580	3.575	3.587	36.894	36.264	26.842	1	1	1
1452.108	3.580	3.571	3.564	36.894	36.264	26.842	1	1	1
1455.711	3.583	3.571	3.564	36.797	36.290	26.913	1	1	1
1459.319	3.579	3.576	3.553	36.797	36.290	26.913	1	1	1
1463.220	3.575	3.583	3.559	36.797	36.290	26.913	1	1	1
1466.822	3.574	3.583	3.559	36.797	36.290	26.913	1	1	1
1470.430	3.574	3.585	3.562	36.797	36.290	26.913	1	1	1
1474.330	3.573	3.582	3.578	36.797	36.290	26.913	1	1	1
1477.935	3.573	3.582	3.578	36.844	36.245	26.910	1	1	1
1481.844	3.574	3.584	3.571	36.844	36.245	26.910	1	1	1
1485.439	3.576	3.584	3.571	36.844	36.245	26.910	1	1	1
1489.047	3.575	3.582	3.568	36.844	36.245	26.910	1	1	1
1492.951	3.569	3.581	3.559	36.844	36.245	26.910	1	1	1
1496.559	3.562	3.581	3.559	36.844	36.245	26.910	1	1	1
1500.157	3.559	3.577	3.558	36.909	36.126	26.965	1	1	1
1504.061	3.557	3.564	3.563	36.909	36.126	26.965	1	1	1
1507.667	3.559	3.564	3.563	36.909	36.126	26.965	1	1	1
1511.269	3.559	3.563	3.579	36.909	36.126	26.965	1	1	1
1515.175	3.570	3.559	3.575	36.909	36.126	26.965	1	1	1
1519.074	3.576	3.567	3.600	36.909	36.126	26.965	1	1	1
1522.680	3.579	3.567	3.600	36.922	36.261	26.817	1	1	1
1526.283	3.580	3.571	3.606	36.922	36.261	26.817	1	1	1
1530.186	3.580	3.584	3.596	36.922	36.261	26.817	1	1	1
1533.785	3.584	3.584	3.596	36.922	36.261	26.817	1	1	1
1537.395	3.586	3.578	3.565	36.922	36.261	26.817	1	1	1
1541.295	3.585	3.576	3.564	36.922	36.261	26.817	1	1	1
1545.198	3.584	3.586	3.586	36.935	36.253	26.812	1	1	1
1548.801	3.585	3.586	3.581	36.935	36.253	26.812	1	1	1
1552.410	3.584	3.583	3.581	36.935	36.253	26.812	1	1	1
1556.309	3.581	3.590	3.576	36.935	36.253	26.812	1	1	1
1559.924	3.585	3.590	3.546	36.935	36.253	26.812	1	1	1
1563.517	3.588	3.593	3.546	36.935	36.253	26.812	1	1	1
1567.420	3.592	3.584	3.540	36.760	36.162	27.077	1	1	1
1571.027	3.590	3.591	3.540	36.760	36.162	27.077	1	1	1
1574.933	3.583	3.576	3.568	36.760	36.162	27.077	1	1	1
1578.531	3.572	3.576	3.568	36.760	36.162	27.077	1	1	1
1582.139	3.565	3.574	3.586	36.760	36.162	27.077	1	1	1
1586.040	3.560	3.567	3.593	36.760	36.162	27.077	1	1	1
1589.651	3.560	3.561	3.602	36.881	36.271	26.849	1	1	1
1593.546	3.565	3.573	3.594	36.881	36.271	26.849	1	1	1
1597.151	3.573	3.573	3.594	36.881	36.271	26.849	1	1	1
1600.755	3.576	3.575	3.579	36.881	36.271	26.849	1	1	1
1604.658	3.580	3.572	3.582	36.881	36.271	26.849	1	1	1
1608.261	3.576	3.572	3.582	36.881	36.271	26.849	1	1	1
1611.865	3.576	3.572	3.574	36.860	36.291	26.849	1	1	1
1615.769	3.572	3.576	3.570	36.860	36.291	26.849	1	1	1
1619.372	3.571	3.578	3.570	36.860	36.291	26.849	1	1	1
1622.975	3.571	3.583	3.566	36.860	36.291	26.849	1	1	1
1626.877	3.576	3.581	3.553	36.860	36.291	26.849	1	1	1
1630.497	3.576	3.579	3.553	36.860	36.291	26.849	1	1	1
1634.383	3.581	3.583	3.546	36.770	36.182	27.048	1	1	1
1637.988	3.581	3.583	3.542	36.770	36.182	27.048	1	1	1
1641.594	3.570	3.584	3.542	36.770	36.182	27.048	1	1	1
1645.501	3.571	3.586	3.553	36.770	36.182	27.048	1	1	1
1649.100	3.570	3.586	3.580	36.770	36.182	27.048	1	1	1
1653.003	3.562	3.577	3.586	36.770	36.182	27.048	1	1	1
1656.608	3.561	3.577	3.606	36.955	36.201	26.844	1	1	1
1660.510	3.564	3.569	3.621	36.955	36.201	26.844	1	1	1
1664.112	3.561	3.569	3.621	36.955	36.201	26.844	1	1	1
1667.725	3.562	3.570	3.592	36.955	36.201	26.844	1	1	1
1671.621	3.567	3.573	3.576	36.955	36.201	26.844	1	1	1
1675.224	3.571	3.573	3.576	36.955	36.201	26.844	1	1	1
1678.830	3.575	3.575	3.563	36.921	36.168	26.910	1	1	1
1682.737	3.578	3.576	3.555	36.921	36.168	26.910	1	1	1
1686.330	3.581	3.576	3.555	36.921	36.168	26.910	1	1	1
1689.940	3.584	3.579	3.549	36.921	36.168	26.910	1	1	1
1693.841	3.584	3.572	3.554	36.921	36.168	26.910	1	1	1
1697.447	3.588	3.572	3.554	36.921	36.168	26.910	1	1	1
1701.352	3.590	3.566	3.573	36.785	36.277	26.938	1	1	1
1704.952	3.590	3.566	3.573	36.785	36.277	26.938	1	1	1
1708.558	3.590	3.560	3.589	36.785	36.277	26.938	1	1	1
1712.459	3.581	3.561	3.587	36.785	36.277	26.938	1	1	1
1716.065	3.574	3.566	3.594	36.785	36.277	26.938	1	1	1
1719.967	3.573	3.572	3.589	36.785	36.277	26.938	1	1	1
1723.573	3.574	3.575	3.603	36.868	36.349	26.782	1	1	1
1727.482	3.573	3.577	3.588	36.868	36.349	26.782	1	1	1
1731.076	3.579	3.577	3.574	36.868	36.349	26.782	1	1	1
1734.684	3.582	3.583	3.574	36.868	36.349	26.782	1	1	1
1738.583	3.579	3.578	3.558	36.868	36.349	26.782	1	1	1
1742.189	3.576	3.578	3.558	36.868	36.349	26.782	1	1	1
1746.092	3.578	3.586	3.546	36.809	36.210	26.981	1	1	1
1749.698	3.577	3.586	3.546	36.809	36.210	26.981	1	1	1
1753.305	3.572	3.583	3.546	36.809	36.210	26.981	1	1	1
1757.207	3.574	3.589	3.548	36.809	36.210	26.981	1	1	1
1760.812	3.572	3.589	3.548	36.809	36.210	26.981	1	1	1
1764.415	3.572	3.589	3.554	36.809	36.210	26.981	1	1	1
1768.316	3.568	3.584	3.572	36.880	36.118	27.002	1	1	1
1771.928	3.573	3.584	3.582	36.880	36.118	27.002	1	1	1
1775.533	3.573	3.579	3.578	36.880	36.118	27.002	1	1	1
1779.444	3.576	3.559	3.573	36.880	36.118	27.002	1	1	1
1783.032	3.575	3.559	3.577	36.880	36.118	27.002	1	1	1
1786.935	3.577	3.549	3.575	36.880	36.118	27.002	1	1	1
1790.548	3.576	3.549	3.589	36.815	36.328	26.857	1	1	1
1794.440	3.579	3.553	3.600	36.815	36.328	26.857	1	1	1
1798.047	3.577	3.553	3.600	36.815	36.328	26.857	1	1	1
1801.651	3.581	3.564	3.592	36.815	36.328	26.857	1	1	1
1805.559	3.581	3.574	3.560	36.815	36.328	26.857	1	1	1
1809.157	3.579	3.574	3.560	36.815	36.328	26.857	1	1	1
1812.761	3.577	3.578	3.542	36.721	36.226	27.053	1	1	1
1816.662	3.575	3.583	3.550	36.721	36.226	27.053	1	1	1
1820.268	3.569	3.583	3.550	36.721	36.226	27.053	1	1	1
1824.169	3.566	3.583	3.581	36.721	36.226	27.053	1	1	1
1827.773	3.563	3.583	3.581	36.721	36.226	27.053	1	1	1
1831.381	3.563	3.574	3.585	36.721	36.226	27.053	1	1	1
1835.280	3.560	3.570	3.593	36.850	36.251	26.899	1	1	1
1838.891	3.562	3.572	3.593	36.850	36.251	26.899	1	1	1
1842.497	3.562	3.570	3.593	36.850	36.251	26.899	1	1	1
1846.398	3.570	3.573	3.577	36.850	36.251	26.899	1	1	1
1850.002	3.571	3.577	3.583	36.850	36.251	26.899	1	1	1
1853.607	3.569	3.573	3.569	36.850	36.251	26.899	1	1	1
1857.509	3.566	3.569	3.581	36.903	36.272	26.825	1	1	1
1861.122	3.563	3.572	3.577	36.903	36.272	26.825	1	1	1
1864.716	3.563	3.568	3.571	36.903	36.272	26.825	1	1	1
1868.618	3.565	3.571	3.563	36.903	36.272	26.825	1	1	1
1872.221	3.571	3.577	3.559	36.903	36.272	26.825	1	1	1
1875.828	3.571	3.580	3.549	36.903	36.272	26.825	1	1	1
1879.729	3.579	3.579	3.546	36.811	36.182	27.007	1	1	1
1883.343	3.579	3.583	3.546	36.811	36.182	27.007	1	1	1
1887.237	3.579	3.585	3.549	36.811	36.182	27.007	1	1	1
1890.843	3.580	3.585	3.549	36.811	36.182	27.007	1	1	1
1894.446	3.580	3.582	3.575	36.811	36.182	27.007	1	1	1
1898.351	3.572	3.572	3.574	36.811	36.182	27.007	1	1	1
1901.953	3.572	3.564	3.592	36.836	36.288	26.875	1	1	1
1905.854	3.571	3.562	3.599	36.836	36.288	26.875	1	1	1
1909.459	3.562	3.561	3.599	36.836	36.288	26.875	1	1	1
1913.064	3.559	3.567	3.574	36.836	36.288	26.875	1	1	1
1916.964	3.551	3.575	3.567	36.836	36.288	26.875	1	1	1
1920.570	3.542	3.582	3.567	36.836	36.288	26.875	1	1	1
1924.176	3.542	3.584	3.562	37.050	36.071	26.879	1	1	1
1928.077	3.544	3.583	3.564	37.050	36.071	26.879	1	1	1
1931.682	3.554	3.580	3.562	37.050	36.071	26.879	1	1	1
1935.285	3.554	3.579	3.550	37.050	36.071	26.879	1	1	1
1939.185	3.582	3.577	3.555	37.050	36.071	26.879	1	1	1
1942.790	3.582	3.570	3.573	37.050	36.071	26.879	1	1	1
1946.695	3.596	3.562	3.572	36.856	36.225	26.918	1	1	1
1950.300	3.597	3.557	3.582	36.856	36.225	26.918	1	1	1
1954.201	3.589	3.558	3.585	36.856	36.225	26.918	1	1	1
1957.804	3.577	3.558	3.585	36.856	36.225	26.918	1	1	1
1961.415	3.577	3.563	3.578	36.856	36.225	26.918	1	1	1
1965.311	3.561	3.577	3.577	36.856	36.225	26.918	1	1	1
1968.918	3.555	3.578	3.567	36.976	36.109	26.915	1	1	1
1972.521	3.555	3.577	3.565	36.976	36.109	26.915	1	1	1
1976.425	3.566	3.569	3.557	36.976	36.109	26.915	1	1	1
1980.026	3.570	3.567	3.557	36.976	36.109	26.915	1	1	1
1983.633	3.570	3.566	3.553	36.976	36.109	26.915	1	1	1
1987.532	3.576	3.568	3.557	36.976	36.109	26.915	1	1	1
1991.143	3.578	3.570	3.544	36.851	36.068	27.081	1	1	1
1995.045	3.583	3.575	3.544	36.851	36.068	27.081	1	1	1
1998.644	3.587	3.575	3.571	36.851	36.068	27.081	1	1	1
2002.546	3.590	3.560	3.596	36.851	36.068	27.081	1	1	1
2006.155	3.587	3.560	3.596	36.851	36.068	27.081	1	1	1
2009.758	3.585	3.558	3.598	36.851	36.068	27.081	1	1	1
2013.671	3.582	3.554	3.595	36.783	36.284	26.933	1	1	1
2017.262	3.583	3.554	3.595	36.783	36.284	26.933	1	1	1
2021.168	3.580	3.556	3.591	36.783	36.284	26.933	1	1	1
2024.772	3.576	3.574	3.591	36.783	36.284	26.933	1	1	1
2028.373	3.576	3.580	3.592	36.783	36.284	26.933	1	1	1
2032.274	3.569	3.585	3.587	36.783	36.284	26.933	1	1	1
2035.881	3.562	3.586	3.581	36.925	36.181	26.894	1	1	1
2039.486	3.558	3.593	3.564	36.925	36.181	26.894	1	1	1
2043.388	3.563	3.579	3.568	36.925	36.181	26.894	1	1	1
2047.004	3.564	3.575	3.564	36.925	36.181	26.894	1	1	1
2050.597	3.562	3.574	3.564	36.925	36.181	26.894	1	1	1
2054.500	3.564	3.567	3.568	36.925	36.181	26.894	1	1	1
2058.105	3.571	3.567	3.583	36.943	36.240	26.817	1	1	1
2062.006	3.573	3.572	3.582	36.943	36.240	26.817	1	1	1
2065.611	3.581	3.572	3.582	36.943	36.240	26.817	1	1	1
2069.220	3.581	3.572	3.579	36.943	36.240	26.817	1	1	1
2073.115	3.589	3.573	3.579	36.943	36.240	26.817	1	1	1
2076.720	3.589	3.573	3.575	36.943	36.240	26.817	1	1	1
2080.324	3.589	3.570	3.573	36.828	36.319	26.853	1	1	1
2084.229	3.577	3.574	3.569	36.828	36.319	26.853	1	1	1
2087.827	3.574	3.573	3.569	36.828	36.319	26.853	1	1	1
2091.436	3.574	3.576	3.552	36.828	36.319	26.853	1	1	1
2095.335	3.569	3.585	3.552	36.828	36.319	26.853	1	1	1
2098.944	3.571	3.596	3.553	36.828	36.319	26.853	1	1	1
2102.845	3.575	3.597	3.547	36.832	36.100	27.068	1	1	1
2106.453	3.579	3.601	3.547	36.832	36.100	27.068	1	1	1
2110.351	3.578	3.596	3.547	36.832	36.100	27.068	1	1	1
2113.955	3.575	3.582	3.572	36.832	36.100	27.068	1	1	1
2117.859	3.577	3.560	3.601	36.832	36.100	27.068	1	1	1
2121.462	3.574	3.552	3.601	36.832	36.100	27.068	1	1	1
2125.069	3.574	3.544	3.618	36.840	36.414	26.745	1	1	1
2128.971	3.575	3.555	3.591	36.840	36.414	26.745	1	1	1
2132.873	3.577	3.566	3.591	36.840	36.414	26.745	1	1	1
2136.478	3.574	3.577	3.598	36.840	36.414	26.745	1	1	1
2140.083	3.574	3.587	3.588	36.840	36.414	26.745	1	1	1
2143.983	3.576	3.597	3.567	36.840	36.414	26.745	1	1	1
2147.589	3.577	3.589	3.569	36.863	36.315	26.822	1	1	1
2151.194	3.577	3.588	3.528	36.863	36.315	26.822	1	1	1
2155.091	3.570	3.584	3.521	36.863	36.315	26.822	1	1	1
2158.701	3.569	3.585	3.525	36.863	36.315	26.822	1	1	1
